2494513
2009231
988337
1327018
1985040
989234
985465
1002591
1034612
2499114
2499122
1796979
988396
989218
1016873
2481966
1037429
2032431
1019473
1868565
2499100
1019456
1948665
1884501
2021654
1017463
1468918
1990564
1859686
2638241
2499138
1029572
1238277
1019496
1002624
2499238
2499132
1017481
1970046
2433672
989259
2378815
1920206
2546358
1029854
1148814
2028185
2433691
1000072
2386578
2386576
273795
1271098
2021677
1665598
1030129
985718
2546119
989029
273734
1021659
1021661
2484391
273777
273757
1004064
988434
2388841
2386615
988249
1326604
1665533
985795
1019579
1960861
1979606
988241
1986379
1336156
1327024
1016924
640539
273773
640523
640558
2028931
989042
988224
273735
1558668
2596355
2021659
2507421
1313974
1542634
273737
1347023
2507864
988163
1356028
985526
705873
1000044
1019419
1016744
1019414
2401033
1900689
1917325
1019407
1019402
273761
1030900
2494554
1924988
2538749
1945431
1862991
1264481
1795645
988489
1029974
1024843
1024078
1002459
1965667
2546576
988219
1016908
1978494
988492
1030102
1820771
1004029
2546507
273747
2377614
273770
273771
273803
1990650
1996549
1030138
1553343
1002620
1960279
2499116
989064
273731
989050
273721
1034631
1006984
2382544
1017139
1017209
1017474
1021702
1996066
1018338
1023984
1018379
1817741
2499127
2475973
273796
1945427
2499051
1003987
273730
988486
1070045
2386609
1002254
1327087
2579714
2579444
2579751
985423
1002241
1919686
2546117
1848495
985439
985518
273738
1303449
1326661
1326664
1327495
1308724
1016994
1030180
2497199
2610418
1002298
1327512
1030161
1029600
273807
273787
1286531
273755
273801
1851838
1540017
2563374
2377602
2006342
1784944
1619722
2377603
1993111
705782
2010356
273762
1017115
1470972
2592401
727522
1121422
2012018
1326766
273759
273753
1843876
1436149
1002225
1002577
2599431
2396718
1927740
2380906
862323
2368041
715413
834051
982998
1001883
273754
273760
1000082
1000078
1016598
1001935
2028279
985484
985608
1034622
1025329
1030158
989255
1002598
1985873
1019511
2499228
2499161
1247141
2449825
1820847
1024972
690197
1017488
2384917
2388839
1793563
1793623
1002738
2499102
2499104
2499107
1031530
1030155
1904958
2465858
1023956
2021670
1933245
982866
1355914
273767
1327391
2442862
2359204
273750
273790
2392260
2433685
2593878
1247235
2535199
2511322
2386586
1244616
1002581
1955432
1327090
273741
1034637
1984968
2437620
1029305
1017125
1016708
1016687
2029644
1030204
989317
1030166
1843991
273739
273774
834090
985541
1823985
1886472
1002629
1159288
273789
2386597
1002091
1327549
2377596
1079686
1437533
2002393
2499179
2494582
1942240
1547123
273805
1326944
1002314
1268156
1019368
