1911242
1855565
2456838
697123
2044447
1114592
2523275
697439
293031
1325023
1763414
1057670
697447
293130
697361
697135
655139
1919671
1634482
2044449
1856339
293144
293064
1273884
1861166
1385298
2490033
2399090
1039993
740322
1351398
292788
293091
1820886
293142
697390
2392351
1999595
293090
2640783
739701
1996499
1850494
1820164
697195
1854973
1398781
1849066
1885462
1892318
293132
1836747
2398203
1373574
697189
1353950
697308
1806622
2597470
1825470
590898
953428
293150
679008
2550183
1700171
2601336
293181
292962
1632671
1981133
1827088
1876897
2513248
292992
2573681
2050205
2601820
2476748
1887694
1926370
1906831
2495919
2550252
587521
1675246
293063
292939
2633972
1145227
1513953
708797
1828380
655172
1855437
1937471
1837708
1981155
293106
293155
1748908
697443
293066
591080
1812699
1820122
292937
2561910
1738785
2470408
697426
1921268
752980
697371
1917791
2616032
1763452
2592415
2489989
716565
293291
1721486
1583130
1846023
2470415
2478961
293302
293027
1875259
1563988
2456641
1811280
2031648
2433499
697283
1876904
1810584
2444067
293152
1805258
293277
2550244
1876884
293214
1751075
1795217
293095
685135
1832083
1904442
293197
1251133
293080
700890
1853185
2597794
2588597
293078
701688
685127
293048
1903559
292632
2458155
293186
1842316
697380
735719
2618456
1084180
2555856
1117592
1807079
697441
2470352
1891834
2365048
1089379
2394700
293035
293037
292997
1089372
2643198
2478940
697197
1872390
2550195
2435501
905733
684044
1853462
292990
1394335
292980
1413853
2434936
1397093
293089
1079161
292883
1913058
2470385
1844838
1866962
2043724
997034
1909520
2478958
1964482
1825005
661637
2032347
1244634
1849068
2478981
2498558
1807096
1331175
293072
1839875
1804598
1849077
697205
1738643
1795187
1842234
1839009
293215
2601298
697199
2470373
1845467
292904
2556212
1795024
1876900
293252
1899273
1992093
1855078
1876845
655016
1037621
1855864
1803813
1323437
661861
1808958
2478899
2470463
1836618
2490108
1778461
2000632
697281
293050
2478934
1114576
640383
293170
1882059
1860439
1889433
1803060
293289
2597785
1844272
1829490
2491211
2545101
1621870
293069
2469845
1942353
1854180
655064
2394567
790375
1277021
293071
1815666
293040
1764213
1340650
293109
790394
1252515
292988
1810717
1963142
1121607
1833869
1751540
2492336
1882661
293231
715355
293025
2383535
2481976
1821341
1981199
1876952
2550293
1892312
978307
293217
2029633
978249
1819276
1990572
1074722
892611
293059
1963079
292949
292853
691388
1913731
1992715
1307084
292886
591440
293051
1866580
2494849
1849082
1066653
2581337
1815363
697382
1326058
293111
1866280
2601225
1981135
1801108
2356217
790317
1913774
1876894
1876890
293222
697207
1866583
1805534
1856661
972387
697247
1489815
655023
1089406
293085
697368
1805393
1117519
1490063
1914002
