2401023
1825889
1000428
1752884
264122
1849135
2590011
1295190
1965838
264439
2366892
1349267
1747653
264196
1426597
264491
1365458
1351776
1889182
1751534
264385
264599
1131921
264111
1326159
1391766
1904710
1883447
264452
264453
1865352
264148
805344
2021141
860636
1891006
1890996
1069623
2494805
2504099
1864872
1385879
1645568
1891502
1421716
264575
264319
819692
819679
819919
819970
1939674
264107
2408163
1352705
1237005
611320
708752
2027665
2373511
264578
1982985
1963106
1985737
626418
1299850
789805
2475113
1963076
669913
800052
1685001
264355
1768523
2406197
814135
814121
264581
2543150
264232
264231
264595
2040594
1105880
1824003
1851871
1876913
264229
2010149
824902
1937435
1767006
264591
264301
1367673
1947596
1761548
2044915
1069869
1794507
611414
1768330
2617703
815653
815551
586006
586204
1131773
2553836
1011983
1013338
1747895
1918470
1780193
1145002
779141
1754067
1794701
2595670
264608
1837116
264224
1937449
806211
1891525
815631
264609
2363831
1628850
1728941
2028657
708737
264226
658356
615831
1148791
1178526
1047637
264271
1116390
1116738
1482818
1893117
1251487
806303
1571729
1057592
1759405
264264
994021
1752774
264586
1761641
1684868
264144
264501
1178697
789866
1766075
1134541
997163
1865073
1633958
1963086
1954155
800015
1751069
1936289
669917
264135
1973370
1373230
795096
1382366
1755132
264298
1752027
1876979
1909500
1061818
1963088
1056580
561382
264309
1747593
264359
815616
615825
583576
806100
1216002
1057604
1754274
1320354
1553063
2357787
1767164
264227
1763603
264602
2503886
1998211
1064834
1054924
1475231
1941474
993851
264145
800078
2014190
800108
1358669
1394373
827129
529267
1074711
626348
2376251
264458
264287
264288
1624990
2376049
264361
2388681
1761391
2040572
264281
264300
2033085
264348
2026745
264350
1991027
264206
264393
1035096
2032328
1645651
669839
801100
801070
264256
1840356
264156
1080450
1777400
264134
1605017
1794667
264438
1389275
1939670
1148785
897540
822959
822944
1754033
797399
796893
795179
2031683
264151
264154
860619
805205
1753925
789931
1253137
805059
1823988
795065
1947577
264627
950668
2499656
264164
1663903
2589248
1149715
793324
1116427
1116425
815740
1116419
1116153
997266
1765535
1876948
264176
264588
1865599
1764683
827077
264163
264486
1733136
791686
1764957
264162
616165
1051832
1375699
1766781
264493
800893
1895624
806259
827368
264413
1069745
1957144
1738319
264371
1541045
1567694
1810712
1761809
1352800
1438008
2049521
264618
860373
1055012
1752645
264433
264435
1148968
264200
1752735
264635
1344274
1947580
1753001
264267
1947587
2020555
825997
1875186
616199
1215288
1761863
800176
1212989
1914422
1872373
1340416
2481924
2038392
2622622
264611
992306
264294
2503965
1603570
1751677
264510
795151
1370327
264343
1770428
1764786
1343869
1764725
798205
805383
2481776
789825
1252669
1751288
1265214
1151395
1265273
1373706
2475980
1265195
1854991
1267846
2490672
610882
1792601
586243
264615
2037224
2465933
1963043
264293
264317
1213004
264584
1751273
2492127
1370575
1752776
1371161
1751277
1904713
1437365
1148932
1915200
815403
1766712
264179
264440
264117
2014195
827085
1937438
1767802
264140
1755174
1879566
1149702
264120
1751295
1768849
1344755
1134519
1174192
669629
1883487
1768449
779098
264457
1935817
1927800
1997160
1761788
1753941
1963025
2035491
1875180
1751264
1052260
1080480
813825
1237157
827022
1954133
2401018
264356
264292
615809
264290
1777444
1923506
669921
1484076
264423
1685034
1882792
1217176
264492
1748351
264316
1942577
1116196
2001682
2579399
2429018
1742421
1517150
622508
264506
622666
1178717
1106169
264499
264142
815946
1546963
1546681
2611888
1553145
264239
2590278
2475097
1963052
264315
1924956
1241248
1963055
1758309
264360
820120
264345
1846311
1601840
264110
1885777
1342927
264241
1733239
1066062
1847807
1876930
1106175
264444
264141
1348684
264326
1996261
2617793
1114212
1351495
1768732
264579
1758989
1754848
1342165
790188
2392627
1766241
1266656
1914430
1627334
2541628
264273
1767323
1837121
1382180
1872240
264628
264480
806072
1876942
1121518
1800874
1601858
1602378
264514
264235
2375812
789741
264398
1494224
1371835
826707
826877
1051940
1924853
999424
264522
2382826
1065067
804550
1919529
815497
2032343
816392
604400
1751538
264633
264605
1866511
815589
264366
2394329
264415
1629301
824963
264436
1885808
1149727
1911819
2477048
1911830
1562430
264118
1560073
1749913
586575
1866273
264302
264303
1911826
1749924
1562375
264307
1373039
1891513
264306
1872252
813881
1729263
1358792
1729006
1891507
264571
2487829
2475947
2477098
669847
264253
1256247
1955454
264564
264558
1751643
1751647
1784975
1889404
1751281
1752771
2365079
1493243
1754765
1752765
612304
2599526
2475975
264254
1919542
805250
264225
805327
826517
1905314
264321
604435
264228
1761247
1752071
1767051
2359172
1009178
264597
1547237
1941105
806199
1147527
1860467
820180
1348758
1765687
795052
1768421
658324
264263
1795339
1751500
264108
1768159
1795302
2477046
1055449
1986571
804766
1794862
1942196
1987782
1889466
824869
1914424
658471
1883427
1930548
1748008
708772
1685298
1921938
1602255
779025
778986
778998
1752910
1426547
778988
993748
1765092
264577
264129
1755144
658574
1923454
1751260
1761737
1148919
1872244
815461
2581339
1052102
610483
264606
1954136
264431
264562
1342193
264274
264322
264566
2538912
805353
2418334
264547
1557999
264139
1685262
1626053
1630027
264523
264251
264161
264540
264275
778834
778709
1751673
1956373
1887232
2025358
264299
1603495
1883431
1391101
897501
1634462
1058420
1266183
1024670
1037648
604418
1752088
804948
816519
1052018
1344256
1963017
2405649
1855084
824876
574900
789858
264249
669801
1562674
1751255
1748002
1171791
1696290
799844
2588294
1752853
1121529
264250
1055405
264604
264396
1915730
264601
1748354
264329
929909
1392370
264346
1752858
2033132
1618277
1211999
2494564
1764526
1998188
1824742
778567
1560111
814113
815903
1930520
1989093
1602334
264248
1802632
604444
1703147
1768101
264337
805214
264419
1937459
264308
1643702
2009163
1768030
1863067
2371627
264261
264367
2371231
1696365
1863272
993846
1863026
995361
985183
1908235
994077
806320
264255
1666543
264260
993904
804305
264632
1389974
950952
804281
1963014
2025427
1064793
264365
264252
804269
806280
2434629
1265135
2538121
264276
1890523
1145260
1936281
264125
264404
1391611
1919521
800144
816246
1140766
1079127
1908468
264155
2646200
1751530
1963138
2359127
264160
1148726
1768508
1768705
264218
805523
264123
1399065
264172
264552
264318
2368287
827167
1875170
1998305
1625228
2031685
1052165
1872273
815935
669831
1550667
1635226
2593860
264411
825924
1752074
1887247
1796840
1872322
264119
2617732
1827262
264240
827301
1321586
822874
822907
495599
264213
264238
264509
2031679
2482058
1795269
1541056
1149679
264451
264115
1751262
1732069
264549
264278
1516787
1794349
1243515
1243012
264537
1391966
1435046
264498
799829
1114151
826994
1768145
616128
1761099
805822
1826865
1767741
806297
1602241
2025822
2509783
1895794
749176
792931
1326972
1121641
264279
778298
264314
264233
1113412
1421750
1769011
1941107
1629214
1989564
2418694
2418692
1381107
1381057
1056933
1737996
1738229
1066812
1767726
1348725
791377
791341
791394
1923440
2525539
264128
1121158
264395
264460
264159
1909497
1762077
1756327
1810588
827370
1918039
1751497
1748365
264551
1752899
264389
264403
264204
823233
264410
776712
585856
1872259
264496
1751266
264127
264170
779067
2010434
1747993
1930534
264409
264557
1342249
264462
264363
1751684
1011895
1981827
1037477
1602138
1602164
1602155
1602171
1984517
669919
1363084
2357804
1215934
1326122
1949711
822757
264449
264487
1179473
825783
609933
1114601
1002414
264513
1749911
1733422
1545019
2535677
1898554
1854959
1987636
2504292
264354
2008624
1729324
2028509
1749909
1348417
827264
1393312
1242687
1024837
264358
1300249
1634478
1116159
1349244
1112721
2370258
1905322
1000299
1963114
1013448
264391
1603590
1624067
1937442
1398666
1348558
2033136
861135
1777397
816496
626351
1761937
1909472
2391751
1835370
815735
264185
1344424
616253
1937440
1972028
1461356
1986569
2433656
1742381
264515
616228
823350
1749922
1947589
1624114
2012011
2504306
1872333
1056978
654958
1399184
1909722
1963121
616210
264178
1056683
1047703
264180
1399025
2025898
1755168
1993480
1937457
1767969
1872300
1702510
799771
1069525
2368047
824939
1752768
264465
1954141
264421
264181
1113479
2044982
264165
1963117
1602183
794918
264113
800135
822853
1728858
1601826
264285
264418
264412
1702474
1993990
264422
815540
1751303
1795298
1253256
626439
996345
804966
264524
1923442
1602402
815847
264282
264535
1148716
1158841
1341832
1624103
1967325
264596
1541016
1601865
616206
1243973
1936279
827231
1523229
1514335
814149
264209
1895472
264124
1696390
1909474
2045974
264352
815441
1837123
264351
1963123
1177623
1059697
1252829
1059678
1751545
264503
2394377
1765441
2358793
1891523
815386
1355034
1768235
264166
2475092
1760883
1761433
264541
1353699
1215864
950620
264177
1034818
815647
1178633
1837113
1751650
1751299
264533
264150
1762119
2490657
1918329
1933087
1603419
578398
1220743
264467
1948555
1729793
628291
1382671
1909485
1666713
2503911
1909491
1007692
2410656
264580
2504202
264121
264464
834056
1569430
1957551
1924857
1349189
985137
1391570
1645760
2490506
2495449
1794226
264152
2003918
2493015
1121384
827204
264548
1823991
264544
264272
1602374
264291
801039
1900670
1925890
1602339
264619
1909494
1064349
1070134
790172
2024198
264236
1547019
2405624
2593294
1256219
264237
1987463
264313
2009863
2406271
264518
1701690
264266
1349264
2504124
1935404
1887235
586285
1755874
1954147
264589
1988575
1392313
1112778
1550497
1963073
264600
1065128
819709
1116164
264583
264234
1619833
825210
820282
1917779
1876917
1701375
2640483
1963066
791417
1747984
1237226
1823997
1603407
2035459
975543
1340997
1891515
574919
1283039
815971
264347
2494552
826916
1937464
264289
1923461
1827267
1039996
1065200
1079104
794977
822897
1891004
1059802
264143
669860
1963068
1883433
2481599
1352662
1407539
1602342
2032463
819533
1080503
789870
1915203
1634423
2490739
2476027
264519
1729203
1173004
264312
264138
2593943
1963058
1947599
1837119
1752008
1173048
1115097
1121029
1024919
1602152
1751072
264296
658455
264295
264243
1764860
1937429
806276
1803826
1066923
1382250
1767318
2599641
2599563
1768426
1055425
264247
1767946
1846341
264622
264478
264246
264245
1918896
1955464
1955457
815718
1761014
1421712
604423
1891510
264362
1253002
827007
264244
1245307
264357
1751094
668511
1876944
264320
264550
2435998
264116
1915733
1754126
1889160
604450
264592
2043706
778586
799919
767100
264504
813928
1348713
1986260
1352602
2504339
1511190
2396721
1269549
1344002
495606
1511701
2030936
999653
264215
1939666
815569
827373
264489
823020
264269
264203
264532
1342923
1382233
819651
264191
1937467
825750
1850754
264497
826260
1666575
1846314
1922841
789703
1265332
1825924
1909464
264270
861185
264193
1701932
1981825
658326
1738742
790281
1112786
616027
1619844
264638
1079706
1314775
1752922
778950
779165
1901970
1919537
264387
892428
1751292
1751286
1252997
1751283
805734
804130
804897
264490
905876
789800
1024981
793179
1752091
1768623
1456346
1761490
815994
1957139
587114
264364
264280
2504025
1051901
2041823
1061693
2503984
1838082
2476005
1247185
1666315
1084963
1751495
1742305
1064950
1562654
2044913
1061722
1056500
823192
1300201
2490035
2014133
264559
669211
2504253
2598574
1919523
264456
1720826
804337
264369
1865060
2503837
1891504
826844
1052215
861115
1930527
1755181
1876969
1997158
622513
1752876
1349135
1245358
264560
793055
611275
626434
1355781
1777456
626428
1778142
1777554
1030527
264473
1919544
2405644
1831448
1121492
2503883
1889164
1351815
1434908
1047691
1930531
1341981
2503935
2589989
2504120
779052
264459
264221
778953
1876965
1948660
615850
1876984
264587
264621
1761869
1830843
264624
2032325
822865
1751279
1954144
264222
264220
790272
2027452
1079648
1145250
1074670
1343984
1064143
747197
1863121
1131487
1876940
2481968
1795258
1795320
1951197
1795336
1930107
1624796
1783960
1891012
2504191
1909479
2037040
1251661
1748004
1607539
800028
622670
1760982
1927600
264563
2482007
1057047
1889180
264158
1056860
805119
1140639
1852746
822993
264106
1752024
2032756
1256315
1768087
814105
1065936
1835376
264324
264338
805481
1942146
264205
1733728
264505
1761853
799973
1602344
264259
1517589
1925887
1070150
1070114
264207
825383
264372
1751268
264520
1120913
658504
820261
264614
264495
950866
767255
264208
1552548
2037327
658444
658343
1963096
658335
264219
1758437
264211
1541072
1919532
1919534
996333
1266515
1912476
2621939
1747979
264594
1911833
1393354
1748369
1371199
789696
264475
1634308
264199
1913218
1256307
1348621
264455
1747995
2401804
1930523
264201
2497803
2617695
1751652
1701767
2470515
264582
769156
264217
815420
2482013
822848
1550841
610005
2591124
2045962
1895711
1116194
615952
1838143
1025025
1795239
1243532
264210
1889925
1540913
1064114
1855745
1872221
1323377
2436590
264448
2032105
2357522
264500
800171
1601849
2650606
1909502
1410416
1273228
1986672
1482898
794845
264153
1370330
778966
791404
264195
264441
264130
1955451
264511
264565
1634260
1875189
264258
1013413
2359175
1768982
1216505
2629535
2382754
264304
1603577
1838085
264585
1385877
264198
1767901
264126
805144
1963100
1542646
2649396
823157
2372167
1116725
1158759
264538
1751275
615876
264147
264336
2007770
1752741
2398114
790279
790190
1754298
819577
1459282
1000306
610302
669305
1243990
2581469
264612
669329
2590024
2540046
1391566
264494
1410377
1382517
628271
2503938
1963103
1644057
669887
1837111
1634372
2033134
264617
2043712
264623
1024612
2366884
825147
1459387
1134483
2015269
681459
2377770
791712
264257
1891527
1751675
1253587
1392036
1954022
816612
816558
2398453
1074547
1145503
264197
264401
1752895
1988578
800982
264593
2589979
1829298
1772720
1987339
791747
1541048
1140917
800841
1764857
1131916
264167
1603487
1253285
2044918
264114
1772707
1817978
1847640
1883397
264603
825958
1729904
264283
583142
264482
264488
264479
2503896
2357538
804389
264212
2592754
264132
1733519
706976
2504228
2582971
1846453
1751671
1999523
2602024
616141
1842577
708761
999476
1685172
2028666
815414
827119
264216
1070179
806122
1836216
1917319
2461735
815959
2593988
1060117
1956379
2029453
264405
1941477
1370729
264182
2359115
1768545
658438
2650885
1933089
822969
778924
1349247
264186
1052129
2476003
669923
2360038
264149
1767756
264536
1815346
1764911
264169
1752029
953587
827224
264109
264223
823146
1602411
616081
264297
800815
806234
1767278
806224
2388733
2388731
1956367
1866506
1893110
1893107
264610
1601893
1905329
2475969
2602026
1061789
825832
1320325
2482113
1603584
1603586
1768044
264529
264527
264525
1024874
1875200
1065096
2383419
2396726
1491853
264286
819665
2032279
264484
2048244
264189
1002282
1963110
1898560
264305
1601868
264531
2475952
1066134
1865182
790219
2504085
2559441
582899
264268
264454
264568
1767851
1968506
1348792
1887239
1923446
1755003
1064294
1349202
1939681
779195
2599378
1629290
1272552
1751997
1216638
805928
1891008
616983
822839
264636
827151
264607
1733485
2009828
2396723
815636
1764841
1889516
805398
1392329
1959107
1982064
1981985
264112
1895629
1047722
615994
1733387
264339
1039958
1326305
1178509
264437
778679
1063582
993779
1770419
1768821
2639263
1769098
1158961
264626
2031672
826593
950616
658449
1846285
1066116
2484384
1764562
1370319
264376
264598
1997301
1870513
1517045
1064767
264340
1751257
1179490
2617767
1875262
1754065
779126
1850824
616049
2475437
2025896
264184
1963108
264539
1230376
1558659
1759619
1761176
1765980
1312170
1321227
1321647
1312088
2470382
264183
822835
1752034
822791
1052276
264190
587249
610092
264131
1755151
1752086
654933
2470380
1057049
1914513
1752935
2401029
815411
789852
1342122
2445229
1562787
616280
778518
264230
1963112
1964952
