1240735
621155
268194
1870509
1371833
1945466
2037724
1231222
1748371
268130
268166
1037601
1566377
819771
1806820
1945673
1963149
268104
1034968
1240804
1354584
2011428
1820606
1079482
1915198
495665
1104342
268192
268218
1452335
1635387
1820608
1064964
819612
610704
1030341
1371837
1245275
2401046
1251680
1054712
1054849
2589751
2394035
268076
2601998
1602265
736274
1024886
268208
2401027
1893112
2032335
1392977
268226
268191
268210
797950
268067
1115064
941509
1025179
1215579
2412857
977209
1215623
1987874
1756051
1271673
628133
1702375
628298
816457
1904449
1795255
1918622
708804
1000038
1664932
1720656
1795228
1887420
583574
1854949
1151465
1276742
1265303
268119
2412544
1151366
611377
1392932
1666610
1967327
2500869
2028580
1142303
1685413
1854981
1997155
1989566
1761858
268182
562863
626337
1602201
268111
1748357
2037569
1752849
2401021
1635452
2401051
1841829
1351623
1407491
1993531
1942359
2015789
2521995
562503
1030384
1000149
268083
1846231
813573
1732325
2436073
652233
2049652
1025002
1665454
1941667
804988
1806790
708793
819555
1252613
1602363
1751083
1930180
1930156
798122
268122
2024182
826653
1236860
2412770
816014
2021460
1914922
1215685
1177654
1883497
1349848
268120
2589747
949396
816477
2007036
268195
1887418
1883490
1267886
268141
1392427
1883506
1394434
762950
1809306
1934446
1998223
268220
1382730
1276904
1665668
268138
1115152
1312802
2375845
1311600
1764192
2350810
268189
1964037
268209
268079
1392169
1000110
861145
2359295
1846252
2493126
268139
1311920
825326
1601898
268093
1265642
1215608
1349233
268183
1939848
1914508
268125
2601807
1131520
1343427
779398
268190
268221
1812347
268222
268230
1883508
1007969
268206
1909483
701764
2394037
1994226
1918567
1031213
268072
1064021
1685043
2507412
1177493
268160
1987300
268162
268159
268163
268075
861177
268121
860456
1930600
681396
1920223
2377824
1666759
733295
1820712
1749904
1056620
789763
999517
1349627
268224
610753
1749152
2473400
1169630
268146
1266074
1645443
769297
800830
1946263
822930
2603951
2005103
2382828
1034770
616931
268129
268094
268095
268100
268118
1341962
1056885
268217
997155
1779869
268204
2482037
268089
1936276
2394336
1145438
1871003
1602370
1989173
2418704
268205
1748363
1852603
2646268
1951542
1852680
2035867
1059793
1059708
1752538
268147
2008135
1268339
1059773
2382748
268107
651452
932847
1031413
822933
658477
2498933
815382
2032150
1618295
2395490
2599653
1105488
268115
268073
1145700
795006
813942
1748006
268152
1215385
268140
1962734
1553596
268144
1849142
1853437
268074
268077
1934745
268178
268142
268124
1797261
2599342
1375764
1941665
268070
733697
800596
1752943
1065176
268155
1811670
999884
1540697
1319489
1798813
2008139
1799331
2401015
1778169
1794973
1320188
681410
1148729
1550465
2369661
1802823
1079515
2045978
1828775
1874500
1732876
1114538
1761837
1761860
1748015
1142211
268132
1794724
1748359
1215646
268143
1860462
2028649
1752932
495664
651303
1244621
268187
268071
1930111
1000217
1905560
1939723
1380971
1812936
268176
268127
989893
1752579
1090311
1752530
1324865
1392638
1331224
1863267
1252554
1392965
1828770
658410
1031555
1883503
1002301
2369377
1115026
1738383
268199
2642344
1002349
1514265
681420
268090
1820710
2412762
2027261
2381687
1997375
1904965
819744
1629040
658430
268082
1795036
1867810
2032338
268181
1901972
268135
2388708
1265684
1131494
268108
268137
2392391
268131
1120947
1034624
1242486
1142329
1365436
1251667
268197
1354515
822976
2037699
2412555
1764920
1957136
268088
681384
1696434
1893115
1924851
1748361
268099
1407752
2590292
804441
1942358
1924861
1924859
1924849
1920888
1241100
1116141
1149792
1795245
617194
897510
1351829
1930536
1988054
