2480979
1354533
553150
1950156
555175
1374653
2479310
926025
351076
638480
1958283
2473312
941383
398476
2438428
1750950
922090
1747898
925391
558530
556174
1905882
349110
638628
1356568
1370973
923798
1134464
1976470
2442395
1435342
1325195
2478929
1977014
925249
2478901
1962419
2589270
1972467
1958300
2442413
926688
1344012
1327063
2442436
2442461
932089
1373717
2442529
552964
2442425
351130
1945057
2480867
2589480
1927913
1024682
558578
1945076
554530
927107
1333698
398492
1370538
1795113
556013
274222
1989517
274400
556805
2500929
1934427
1950287
927191
1337063
1369242
2442790
1947169
2599655
1372983
1334344
1343878
1837690
1960832
941645
2364040
351066
552929
2441772
351021
1345189
557851
398416
1945709
636002
2393005
941701
2480832
941380
1934419
1367677
1972455
1365759
1971861
941468
932326
1352902
349038
1989532
930196
1334709
1526885
556139
1989069
560360
398450
1373007
398470
684283
556298
351042
2480726
1969613
1960798
1988872
1967678
639078
611059
635879
921949
1969644
2494378
1371144
1960793
1784937
1940164
2441663
1989242
2480747
349070
1517865
557821
555563
1343831
1750824
351019
1982531
351078
351117
1391638
1950252
1950221
638648
1366046
1356704
1456167
1970795
1972443
1750980
1755406
1347321
1455511
1982601
2442814
2481069
1917288
554386
2363904
555141
1369314
1987698
1364753
921288
638632
351123
555783
1031384
1953379
555165
1976925
922517
1999512
1225741
1365269
274295
1566879
1927406
398412
2503202
2473295
922603
1988848
1976910
921773
1957618
1950203
398490
554553
1065462
1065432
1837681
2442758
351061
925536
1336452
1755453
1962452
1976899
921788
1058297
1747903
941521
1750907
1956027
932534
1364953
1987595
932560
2481062
1333592
1058338
1336685
1373684
1962714
1960782
925077
398432
1989951
1972449
2442780
1338540
1888001
274347
1743644
274315
1989010
1969629
274204
2481184
409242
1369592
1950142
1367375
2480758
2480857
1742963
2480871
2535971
925609
757745
2442771
2480825
1947127
1743555
398428
923905
1803542
2441791
922673
1982516
349044
2472978
1560323
921987
1795101
1659042
1962471
2478892
2471362
2441802
926022
941836
1398597
1634557
2473354
1962637
2645775
1339091
635925
349046
349048
1343644
1747735
926574
351047
1343574
2590229
2525643
553289
555156
1365051
558455
941707
1751183
398414
1950089
1334930
1946169
1805096
1805045
1804746
921777
1869921
2442632
2442656
2442611
2471229
1523940
2465882
1337632
1334258
1832792
1151309
1562340
398458
1344855
1333511
2438422
2442801
398484
638644
1344099
1367160
1437174
1743364
922068
1970785
558449
1030455
349034
1969654
1364632
552910
2473239
398408
1337389
1976915
1795141
639073
1982643
1372463
1887988
274158
349056
1336328
1982975
398424
556243
1684833
1976894
556694
1962658
1386052
2473262
2478942
1976905
2480848
2498588
1982550
923894
1747908
1982980
1750958
1356545
555791
1751103
941668
2442585
1366991
1060087
351085
1989301
2544981
558463
1960822
1721080
1336225
1373739
1755412
351068
2473282
930306
1966294
1947038
1530856
349052
2498638
555836
1529967
635981
1338769
582457
1134443
1986357
2473015
398436
1353902
2438417
2481001
622588
2503207
930231
1810927
2478918
555018
558533
1963914
1557598
1526150
1795079
1957634
941434
1934435
1364678
1962414
1962424
1981952
351034
1356140
1851186
274305
1957648
1953211
1356162
941886
274368
1065450
2438216
2479275
925471
1750829
2471338
2363921
2480986
2442590
1750966
1970770
1966304
1863293
1373232
2481046
555839
