266863
1133074
1891010
1718610
1064078
1717113
266855
1718097
1354908
266856
1904447
686614
1955161
1392583
266905
266908
1918474
1392498
1276759
1934190
584607
266853
266854
864907
622500
266847
266891
658160
1718200
266939
1372862
1998468
1891493
2593982
266841
2361107
266839
1852112
708721
2436562
686603
1988750
1717570
1331534
1057623
1731981
266842
1074445
1393108
266907
585548
266885
1718155
266941
266915
1941657
1321632
2018345
1057698
1057685
1373522
1145194
266894
266900
1930268
1849446
1849439
266898
266936
2399001
1990426
2436560
266924
1719980
266904
266903
1932945
655453
1720035
1105473
686625
686462
266917
1719853
266850
266896
996349
1751067
2499868
266851
1393307
585619
1059839
1117360
1989051
1948662
1718251
657876
266943
1918564
686586
1140574
1864552
266886
266910
266912
266913
266911
658047
1717901
584737
495643
495645
2436555
995783
2475961
2476008
266864
1391859
686510
1105499
266926
266861
1716984
495641
1024958
1719786
1835373
1992074
996375
266906
1718442
1717190
266925
266887
266930
1719799
1526656
1984063
725683
1065231
1149636
266935
266845
266919
266949
1090193
2617697
266884
2565935
995544
1998500
1065219
1718348
266890
585614
1059823
1938812
1938809
1938804
1938801
1938798
1938795
1938790
1914916
1253275
2395480
