2021143
1127908
1127379
1127428
1127434
1128705
1984832
1128798
1127933
1148509
1128335
1128511
1127316
1799687
1849128
1125502
1278287
1128734
1126147
1127825
1127789
2032331
1128713
2443371
1128030
1128770
1116780
1978155
1889969
1127579
1925346
1128753
1126838
1126854
1818409
1128779
1127928
1919784
1123947
1903060
1124008
1123973
1123952
1124591
1903068
1124037
1128279
1128729
1114054
2443385
1123939
1113555
1265681
1935413
1126675
1892276
1128813
2378817
1128209
1126636
1127571
1947872
1127802
1128723
1127872
1428413
2409407
1649537
1998503
1128505
1128785
1127163
1128232
2389351
1128246
1128566
1127923
1124395
2010538
1984306
1128267
2022798
1645835
1645763
1169408
2010347
1128519
1127850
1862972
1127828
1127840
1128412
1849085
1127832
1128410
1127835
1127837
1127202
1128760
1127310
1127606
1128489
1128485
1985476
1916525
1128528
1002467
1799654
1898541
1126439
1127067
1124400
1128737
1128385
1127650
1128537
1128762
1128767
1820844
1632823
1413394
1399194
1892273
1128501
1984802
1128491
1128499
1903150
1951199
1128824
1128539
1128830
1992805
1127716
1930381
1127679
1951201
1128108
1992794
1891517
1128142
1729039
1128311
1645785
1127899
1128509
1948654
1127525
1916527
1729095
2030926
1128452
1128449
1128568
1128576
1128806
1128695
1963136
1127552
2010574
622624
1247115
2380274
1127187
1127545
1799681
2010802
1126727
1126701
1127708
2438152
1127814
1126121
1128741
1128715
1127937
1127347
1128586
1116940
1126198
1265888
1830483
1252580
1126747
1126760
1128796
1128522
1128150
1903153
2470986
1127354
1820842
1128757
1127022
1895275
2488393
1127647
1127798
1123857
1127502
1935407
1127818
1127965
1903065
1126364
1126386
1957127
1128379
1803467
1998475
1126797
1126810
2403224
1127636
1127711
2010397
1128206
1128353
1127150
1988121
1982070
2040623
1942198
1127062
1127950
1128573
1547109
1128197
1541020
1127498
1127641
1357936
1124420
