2024006
2542774
1340646
349697
2595490
505538
1359530
2542269
2638193
2542766
1882564
2546309
2542724
2548475
1889185
2638189
2542525
2638177
351826
351880
1236670
2408236
1047019
1965586
1487239
902409
351867
1965449
1965183
1965305
1342894
1965431
1236840
1965317
1965271
1965513
1231022
1965461
1398742
1965311
1965424
1343683
2545371
349781
2546051
351427
2545778
2595519
349396
1940447
2024050
1148674
2542250
1882375
2597170
351200
1630121
2545388
1481513
1319843
1347064
2352250
2652236
1325704
782947
1340544
1244874
2594496
2650897
2546266
2542502
2597097
2596198
2352023
349369
349689
2595413
2542881
2542669
1352556
349593
1436137
1883194
1883207
2597109
1939791
351783
1342014
902424
1903296
2545460
2596967
2597141
2542277
2542281
349695
2545827
1940677
900558
1345512
2542931
2595498
351718
2542294
2545325
2545197
2006084
2597125
900050
2595894
349464
2597113
2545412
2596899
2597133
2545283
2596979
1861714
349673
1884377
1854186
349811
349761
1247198
1436387
2447292
622546
2597165
2546101
2545946
2595289
2545184
2542866
2542429
2543686
2596535
2597043
2004844
351709
2595910
2595031
1235431
2542351
1878323
1347074
1877990
2595905
2596427
1943468
2545258
2545955
2598763
2594514
2638229
349253
1421790
2596795
1344874
2596564
2546441
349466
2542514
2596932
1884227
1943218
2025086
1343930
1966475
1409111
351736
2545215
2545717
899655
1235240
2596961
2025178
900851
2545968
1340773
2545735
1965343
1345406
2651012
2545473
1858032
2595017
2595000
2596843
351188
349484
2651004
2652219
2445622
2545175
2542529
2545254
349529
351822
1990038
635101
351778
351396
2594924
2546495
2597157
2351479
351945
2643370
349565
2545929
2542547
2650997
2597018
1967291
2546016
1939812
349286
351475
349282
349359
1373252
351362
2652172
1993022
349271
2596173
351562
1890182
1940705
2546315
2542246
2542862
2595514
1343745
2546262
1943312
2546047
2542791
2542802
2542832
2542836
2545424
2542346
2596917
349685
351240
2546240
2542376
2546011
2545942
2546003
349470
2638156
2652067
2652246
2545291
349643
2542460
2545348
1487510
668600
1730039
2546030
2545420
2596847
2542342
349354
2546491
2542372
2652149
2652074
2546034
2542425
1860395
349747
823620
823958
824043
823758
823851
349567
349452
349454
1751208
1860103
2047476
2540390
2596835
1054958
1878698
2596881
2597145
1232731
1877252
1965645
2446428
1751189
834040
2594480
2545921
2447385
349623
349669
2546038
2551645
1184926
1324807
1055113
1337544
351863
2652155
1859768
2545711
351759
2652161
349400
1877434
1338855
349709
2545731
2542365
634549
351600
1374632
1436987
1338743
349587
1861702
1343809
349304
1965441
1802148
349414
349367
2595898
1352732
1359892
349365
349631
1327002
634518
349691
349637
351406
1251749
1484977
1344252
349641
1359488
2557998
2542224
2024644
2545442
351701
349605
351849
2542407
1342745
2638169
349429
1345358
351857
1343846
2595504
349331
1873394
349577
1326992
349280
349361
349609
349319
1349213
2596304
1873524
349371
349348
2542660
1354758
349805
349300
351404
349661
1352683
2351612
349583
349482
1858252
349004
349549
1977149
2596253
1943328
349649
349265
2447393
2638209
2638185
2447369
1884235
2650954
398678
2652251
2546480
2545375
2596457
2542421
2351230
2550329
2545193
2597077
2546244
349703
2006080
2596155
2542403
2597105
2004852
349511
2024062
2596799
1541158
712270
1352671
712205
2597089
349753
1891000
349363
349317
1243806
1330461
1345258
2545469
960981
1366150
1970637
2545998
2638173
1915494
930383
1940689
351419
2542417
349521
899662
2638213
1373834
351913
349795
635390
685193
351861
349793
351865
351853
2025120
351869
351859
1344448
2595874
2542698
2545404
2595885
2595889
2546007
2545916
634653
1987814
2542510
2596487
1987305
2597121
2638236
2351156
1878768
349717
2024653
2024712
351874
351876
351830
2546110
1343103
349460
349751
1998831
349515
2594929
349671
2351201
2546454
1342584
349278
1342714
1895468
349757
349290
1883581
2595382
2595345
349693
351734
1354598
2545262
2595361
1874324
2546331
351585
2545689
2446002
351366
2545266
1104319
1566743
2436915
1349149
1237497
581309
349273
351713
349352
2638181
2595393
2580721
2638165
2542498
351917
2545367
349735
1965278
351705
349311
349267
1885802
2596377
2595316
2025188
2545693
2595534
2545770
2351165
351196
1365592
2545455
351282
1282741
349791
2594960
351720
1059869
1059882
2546057
2597117
2597055
351158
351834
2545748
2545685
2596332
2542483
1883854
900818
349344
349476
349797
349294
2542214
349329
349296
902380
351707
1342831
1344071
2542494
2545739
2638161
2546297
349613
609692
1344482
349257
2545464
2596590
1437109
1751204
2542449
2542273
2542737
900231
2546121
2596875
349547
2652225
888245
349309
349779
349589
2047488
351448
658232
2595510
2597189
351265
1483171
1363345
1344833
351383
1873519
902127
1751199
1879736
2542337
2546022
1336895
900639
2546092
2542936
1877982
2546327
2597137
349807
2545352
503636
1751195
1372603
351486
1369091
349288
349427
1244584
1751215
634822
351847
2496317
2594334
2447322
2650959
2542355
1966406
1039971
2650949
2652141
2351350
349559
2597101
1342980
2542237
349551
2597093
2597081
349313
2542919
354486
2596895
2545270
2545831
1943431
2596240
2596211
349492
349501
2546465
2465801
349259
2545697
349404
349261
349269
2546105
1338586
351467
2542506
1243899
1409979
349263
1343013
349769
635416
1940327
2546367
1943293
2597085
2546026
1738483
2545380
2545976
900765
1385302
2597153
2545205
2546257
2542256
1324811
1251139
1751251
1751220
351536
2020558
351610
349447
2545384
1344177
2542265
351842
349537
1889447
668605
1878643
2446062
2549474
2545898
2597129
2652240
2650944
1366285
2546236
349350
1854191
2597161
2596809
2004848
2595261
2596746
1347054
351517
349651
2545333
2545239
2596803
2545287
1345637
1360163
2545201
2545250
2545231
2581926
2545446
2594438
1351652
349803
2550333
2546043
349799
349284
351878
1943126
2545727
349020
1359447
349276
349585
2545951
2545701
1061398
349402
2542327
2542399
1343417
349563
1347080
1373811
1359931
349821
2652229
2545478
2545400
349639
351484
2595476
2546061
2545279
349719
2546389
349625
936609
1878730
2596944
1884352
2023932
2652167
2542674
2545396
2545774
2596357
1349785
2638910
2596471
1223207
1131532
2542242
2545911
2545235
351882
2596361
1368860
2545964
2546408
2595880
2545986
1884205
1987926
2638225
2546417
2545274
2542923
2545224
2545990
349334
349507
2507382
349505
349539
351840
2545329
2545925
1966351
